BoilerTemp:29.162679425837233
PortionBrewed:0.06444444444444444
