BoilerTemp:28.301435406698495
PortionBrewed:0.051111111111111114
